111111111111111111111111111111111 11111111111111111
100000000000000000000000000000001 00000000000000010
101010101010101011010101010101010 10000000000000000
001001000110000101000101100111011 01101001111111101
110000000000101011011100111101011 10011101000000001
010000101101010111111100110101000 10111111101010011
110101101100110001100111001010001 10111101111101010
010010111011100000010110010110001 01100010000100001
100010010000011110001101011010011 00010110011100011
001001011011011110100101101101111 01001011011011110
111111001001100110000111110011101 10000100011010001
000010110000010001010100011101110 01011111011110110
100110101001111110100000011111110 00111011000111110
011111010101011110010011100011010 10010000111001001
