11111111111111111111111111111111 11111111000000000
11111111111111110101010110101010 10011100001110001
00100111000110101111101010101111 01101001000000000
10000100010111011101110111110101 10101011111011110
01110111100010011110101011111101 10101111011001011
10001011100001101011001011010111 10010000100000100
01110110111111111100101011001101 10001100011000001
10001000011001101111101111111110 11000000101110000
01110011000010001010010011000001 01110111010101100
01101101011010011011001011101111 10001001110010111
